4
Simple!
3	3.142			
10	400	300	0	1
20	506.4929659	300	0.157079633	-1
8	577.2932826	229.1996833	0.392699082	-2
Harder!	
4	3.142			
10	375	275	0	1
20	481.4929659	275	0.157079633	-1
8	481.4929659	275	0	2
16	543.2901194	336.7971536	0.196349541	-3
More complicated!
7	3.142
10	400	300	0	1
20	293.5070341	300	0.157079633	-1
30	497.8098062	397.8098062	0.104719755	-1
8	497.8098062	397.8098062	0	3
32	595.6196124	300	0.09817477	-4
12	595.6196124	300	0	5
24	506.8129694	211.193357	0.0	-6
Second hand of a clock!
8	3.142
10	466	236	0	1
20	572.4929659	236	0.157079633	-1
8	572.4929659	236	0	2
16	634.2901194	297.7971536	0.196349541	-3
9	634.2901194	297.7971536	0	4
18	565.7405935	366.3466795	0.174532925	-5
6	565.7405935	366.3466795	0	6
30	440.1490345	366.3466795	0.104719755	-7
