Number 1000
N 0 40 587 
N 0 40 583 
N 0 41 578 
N 0 40 574 
N 0 39 567 
N 0 41 561 
N 0 40 557 
N 0 39 549 
N 0 39 543 
N 0 39 537 
N 0 39 530 
N 0 40 525 
N 0 40 520 
N 0 39 515 
N 0 41 508 
N 0 42 502 
N 0 41 498 
N 0 40 492 
N 0 40 484 
N 0 40 477 
N 0 40 469 
N 0 41 463 
N 0 43 450 
N 0 42 439 
N 0 41 434 
N 0 42 430 
N 0 43 425 
N 0 42 419 
N 0 41 412 
N 0 42 407 
N 0 42 401 
N 0 40 393 
N 0 41 387 
N 0 40 379 
N 0 38 372 
N 0 39 368 
N 0 39 361 
N 0 39 354 
N 0 40 349 
N 0 40 345 
N 0 41 340 
N 0 41 335 
N 0 43 324 
N 0 43 318 
N 0 41 310 
N 0 41 302 
N 0 41 292 
N 0 41 286 
N 0 41 279 
N 0 41 268 
N 0 41 261 
N 0 41 253 
N 0 43 246 
N 0 44 240 
N 0 44 231 
N 0 43 221 
N 0 43 212 
N 0 44 204 
N 0 44 198 
N 0 45 190 
N 0 46 183 
N 0 47 176 
N 0 47 170 
N 0 47 166 
N 0 49 162 
N 0 49 157 
N 0 50 149 
N 0 51 143 
N 0 50 138 
N 0 50 133 
N 0 48 129 
N 0 50 125 
N 1 50 125 
N 1 50 125 
N 1 50 125 
N 1 50 125 
N 1 50 125 
N 1 50 125 
N 1 50 125 
N 1 50 125 
N 1 50 125 
N 1 50 125 
N 1 50 125 
N 1 50 125 
N 1 52 125 
N 1 58 124 
N 1 67 124 
N 1 72 124 
N 1 76 125 
N 1 81 125 
N 1 87 126 
N 1 91 126 
N 1 93 126 
N 1 96 126 
N 1 99 126 
N 1 101 127 
N 1 111 127 
N 1 111 127 
N 1 112 127 
N 1 113 127 
N 1 114 127 
N 1 115 127 
N 1 116 127 
N 0 117 127 
N 0 118 127 
N 0 119 127 
N 0 119 124 
N 0 119 124 
N 0 119 120 
N 0 119 116 
N 0 119 113 
N 0 119 110 
N 0 119 109 
N 0 118 106 
N 0 117 103 
N 0 116 96 
N 0 117 92 
N 0 117 84 
N 0 117 80 
N 0 118 74 
N 0 118 69 
N 0 118 65 
N 0 118 64 
N 0 118 63 
N 0 118 64 
N 0 117 69 
N 0 116 75 
N 0 116 79 
N 0 116 83 
N 0 116 86 
N 0 116 86 
N 0 116 90 
N 0 116 90 
N 0 116 92 
N 0 117 96 
N 0 117 98 
N 0 117 100 
N 0 116 102 
N 0 116 106 
N 0 116 109 
N 0 117 113 
N 0 117 118 
N 0 118 122 
N 0 118 126 
N 0 119 132 
N 0 120 137 
N 0 120 139 
N 0 120 145 
N 0 121 147 
N 0 121 150 
N 0 121 156 
N 0 121 158 
N 0 122 163 
N 0 122 168 
N 0 122 173 
N 0 122 179 
N 0 122 183 
N 0 122 186 
N 0 122 190 
N 0 122 193 
N 0 122 195 
N 0 122 196 
N 0 122 197 
N 0 122 197 
N 0 122 198 
N 0 122 198 
N 0 122 199 
N 0 122 200 
N 0 122 200 
N 0 122 200 
N 1 122 200 
N 1 122 200 
N 1 126 201 
N 1 127 201 
N 1 127 201 
N 1 128 201 
N 1 129 201 
N 1 139 203 
N 1 139 203 
N 1 140 203 
N 1 141 203 
N 1 144 203 
N 1 145 204 
N 1 147 204 
N 1 150 204 
N 1 153 204 
N 1 156 204 
N 1 160 204 
N 1 164 204 
N 1 167 204 
N 1 171 204 
N 1 175 204 
N 1 179 204 
N 1 183 204 
N 1 190 204 
N 1 195 203 
N 1 199 203 
N 1 203 203 
N 1 211 203 
N 1 218 203 
N 1 226 203 
N 1 231 203 
N 1 235 203 
N 1 237 203 
N 1 242 202 
N 1 248 202 
N 1 254 202 
N 1 256 202 
N 1 264 202 
N 1 267 202 
N 1 271 202 
N 1 276 202 
N 1 283 202 
N 1 288 202 
N 1 290 201 
N 1 291 201 
N 1 293 201 
N 1 298 202 
N 1 300 203 
N 1 304 203 
N 1 308 203 
N 1 310 203 
N 1 315 203 
N 1 320 202 
N 1 322 202 
N 1 329 202 
N 1 330 202 
N 1 334 202 
N 1 337 202 
N 1 341 202 
N 1 342 201 
N 1 346 201 
N 1 349 201 
N 0 350 199 
N 0 350 199 
N 0 350 197 
N 0 350 195 
N 0 351 193 
N 0 351 190 
N 0 351 187 
N 0 352 184 
N 0 352 183 
N 0 352 180 
N 0 353 179 
N 0 353 177 
N 0 353 173 
N 0 353 170 
N 0 351 166 
N 0 351 164 
N 0 351 162 
N 0 351 158 
N 0 351 155 
N 0 352 153 
N 0 352 150 
N 0 352 148 
N 0 353 143 
N 0 353 139 
N 0 353 135 
N 0 353 134 
N 0 353 131 
N 0 353 129 
N 0 353 126 
N 0 353 124 
N 0 353 123 
N 0 353 120 
N 0 352 116 
N 0 351 113 
N 0 351 109 
N 0 347 106 
N 0 344 103 
N 0 344 103 
N 1 343 103 
N 1 343 103 
N 1 343 103 
N 1 343 103 
N 1 343 103 
N 1 343 103 
N 1 343 103 
N 1 343 103 
N 1 343 103 
N 1 343 103 
N 1 343 103 
N 1 343 103 
N 1 343 103 
N 1 343 103 
N 1 343 103 
N 1 343 103 
N 1 343 103 
N 1 343 103 
N 1 343 103 
N 1 343 103 
N 1 343 103 
N 1 343 103 
N 1 343 103 
N 0 343 103 
N 0 343 103 
N 0 343 103 
N 0 343 105 
N 0 343 109 
N 0 343 113 
N 0 344 117 
N 0 344 120 
N 0 344 122 
N 0 344 127 
N 0 343 131 
N 0 344 135 
N 0 345 141 
N 0 347 147 
N 0 347 150 
N 0 348 153 
N 0 350 156 
N 0 350 156 
N 0 352 160 
N 0 352 162 
N 0 354 165 
N 0 355 168 
N 0 356 172 
N 0 357 173 
N 0 357 176 
N 0 360 180 
N 0 361 180 
N 0 363 183 
N 0 364 185 
N 0 366 187 
N 0 367 189 
N 1 368 191 
N 1 369 192 
N 1 369 192 
N 1 370 192 
N 1 372 192 
N 1 373 193 
N 1 375 193 
N 1 379 194 
N 1 380 194 
N 1 384 194 
N 1 384 194 
N 1 388 194 
N 1 389 194 
N 1 392 194 
N 1 393 194 
N 1 395 195 
N 1 398 195 
N 1 402 195 
N 1 404 195 
N 1 407 195 
N 1 415 197 
N 1 419 197 
N 1 421 197 
N 1 423 197 
N 1 426 197 
N 1 427 197 
N 1 432 197 
N 1 438 198 
N 1 442 198 
N 1 447 199 
N 1 457 200 
N 1 465 200 
N 1 473 200 
N 1 482 200 
N 1 488 200 
N 1 492 200 
N 1 498 200 
N 1 498 200 
N 1 500 199 
N 1 500 199 
N 1 500 199 
N 1 500 199 
N 1 500 199 
N 1 500 199 
N 0 500 199 
N 0 500 199 
N 0 500 199 
N 0 500 199 
N 0 500 199 
N 0 500 199 
N 0 500 199 
N 0 499 203 
N 0 499 204 
N 0 499 208 
N 0 499 209 
N 0 499 210 
N 0 499 210 
N 0 499 209 
N 0 499 205 
N 0 499 203 
N 0 500 200 
N 0 501 197 
N 0 501 194 
N 0 501 190 
N 0 501 187 
N 0 501 184 
N 0 501 179 
N 0 501 175 
N 0 501 172 
N 0 501 169 
N 0 501 168 
N 0 501 164 
N 0 501 163 
N 0 501 159 
N 0 501 154 
N 0 501 148 
N 0 500 145 
N 0 500 140 
N 0 500 137 
N 0 500 134 
N 0 501 132 
N 0 501 128 
N 0 502 123 
N 0 503 121 
N 0 503 119 
N 0 503 115 
N 0 503 113 
N 0 502 110 
N 0 502 108 
N 0 503 104 
N 0 503 99 
N 0 502 96 
N 0 502 93 
N 0 502 89 
N 0 502 88 
N 0 502 86 
N 0 502 85 
N 1 502 84 
N 1 502 84 
N 1 502 84 
N 1 502 84 
N 1 502 84 
N 1 502 84 
N 1 502 84 
N 1 502 84 
N 1 502 84 
N 1 502 84 
N 1 502 84 
N 1 502 84 
N 1 502 84 
N 1 502 84 
N 1 502 84 
N 1 502 84 
N 1 502 84 
N 1 502 84 
N 1 502 84 
N 1 502 84 
N 1 502 84 
N 1 502 84 
N 1 502 84 
N 1 502 84 
N 1 502 84 
N 1 502 84 
N 1 502 84 
N 1 502 84 
N 1 502 84 
N 1 502 84 
N 1 502 84 
N 1 502 84 
N 1 502 84 
N 1 502 84 
N 1 502 84 
N 1 502 84 
N 1 502 84 
N 1 502 84 
N 0 502 84 
N 0 502 84 
N 0 502 84 
N 0 502 84 
N 0 502 84 
N 0 502 86 
N 0 502 89 
N 0 502 91 
N 0 502 95 
N 0 502 98 
N 0 502 100 
N 0 502 101 
N 0 502 102 
N 0 502 103 
N 0 502 103 
N 0 502 103 
N 0 503 103 
N 0 504 103 
N 0 505 103 
N 0 505 103 
N 0 505 103 
N 1 505 103 
N 1 505 103 
N 1 508 103 
N 1 508 103 
N 1 512 103 
N 1 516 103 
N 1 520 102 
N 1 522 102 
N 1 525 101 
N 1 527 101 
N 1 528 101 
N 1 531 101 
N 1 538 101 
N 1 538 101 
N 1 542 101 
N 1 545 100 
N 1 549 100 
N 1 550 100 
N 1 558 100 
N 1 559 100 
N 1 561 100 
N 1 563 100 
N 1 565 100 
N 1 568 100 
N 1 569 100 
N 1 570 100 
N 1 571 100 
N 1 571 100 
N 1 575 101 
N 1 575 101 
N 1 576 101 
N 1 577 101 
N 1 578 101 
N 1 578 101 
N 0 579 101 
N 0 579 101 
N 0 579 101 
N 0 579 101 
N 0 579 101 
N 0 579 101 
N 0 579 100 
N 0 579 97 
N 0 579 97 
N 0 579 94 
N 0 579 91 
N 0 579 89 
N 0 582 84 
N 0 582 84 
N 0 583 81 
N 0 583 78 
N 0 583 74 
N 0 583 71 
N 0 583 67 
N 0 584 63 
N 0 584 59 
N 1 584 59 
N 1 584 59 
N 1 586 59 
N 1 587 59 
N 1 590 59 
N 1 593 59 
N 1 596 59 
N 1 601 59 
N 1 605 59 
N 1 611 59 
N 1 614 59 
N 1 620 59 
N 1 624 58 
N 1 630 58 
N 1 634 58 
N 1 639 58 
N 1 640 58 
N 1 648 57 
N 1 651 57 
N 1 658 57 
N 1 660 57 
N 1 668 57 
N 1 671 57 
N 1 676 56 
N 1 680 56 
N 1 684 56 
N 1 686 56 
N 1 689 55 
N 1 695 55 
N 1 699 55 
N 1 701 55 
N 1 705 55 
N 1 709 55 
N 1 712 55 
N 1 713 55 
N 1 717 55 
N 1 720 56 
N 1 720 56 
N 1 723 57 
N 1 726 57 
N 1 729 57 
N 0 729 57 
N 0 729 58 
N 0 728 62 
N 0 728 64 
N 0 728 71 
N 0 728 72 
N 0 728 77 
N 0 728 80 
N 0 728 83 
N 0 727 87 
N 0 727 90 
N 0 727 94 
N 0 728 97 
N 0 728 101 
N 0 728 105 
N 0 728 109 
N 0 728 113 
N 0 728 116 
N 0 727 119 
N 0 727 125 
N 0 727 131 
N 0 727 132 
N 0 727 137 
N 0 727 141 
N 0 727 145 
N 0 727 150 
N 0 727 153 
N 0 727 158 
N 0 727 163 
N 0 728 166 
N 0 728 169 
N 0 728 173 
N 0 728 175 
N 0 728 179 
N 0 728 182 
N 0 729 187 
N 0 729 189 
N 0 729 190 
N 0 727 193 
N 0 727 198 
N 0 727 204 
N 0 728 200 
N 0 728 204 
N 0 728 206 
N 0 728 209 
N 0 728 211 
N 0 728 215 
N 0 728 222 
N 0 728 224 
N 0 728 228 
N 0 729 233 
N 0 729 237 
N 0 729 240 
N 0 729 245 
N 0 728 252 
N 0 728 254 
N 0 728 260 
N 0 728 265 
N 0 727 268 
N 0 726 275 
N 0 725 281 
N 0 725 284 
N 0 727 287 
N 0 727 293 
N 0 726 300 
N 0 726 306 
N 0 725 310 
N 0 724 316 
N 0 724 319 
N 0 724 322 
N 0 724 325 
N 0 724 330 
N 0 724 331 
N 0 725 335 
N 0 725 338 
N 0 725 341 
N 0 726 347 
N 0 726 350 
N 0 726 353 
N 0 725 356 
N 0 724 359 
N 0 723 367 
N 0 723 367 
N 0 723 370 
N 0 723 373 
N 0 723 376
N 0 723 379
N 0 727 395 
N 0 726 404 
N 0 726 409 
N 0 726 415 
N 0 724 423 
N 0 722 430 
N 0 722 436 
N 0 723 443 
N 0 723 449 
N 0 722 457 
N 0 722 461 
N 0 722 470 
N 0 722 478 
N 0 722 489 
N 0 723 495 
N 0 723 500 
N 0 723 506 
N 0 724 511 
N 0 725 516 
N 0 726 519 
N 0 728 527 
N 0 728 535 
N 0 728 541 
N 0 727 547 
N 0 727 552 
N 0 727 556 
N 0 728 561 